init=18.063894
compute=19.463707
Iterations Count: 643
Residual: 9.887896e-11
final=19.463825
